
State Machine - |MAESTRO_FPGA|ASM2
Name ASM2.E15 ASM2.E14 ASM2.E13 ASM2.E12 ASM2.E11 ASM2.E10 ASM2.E9 ASM2.E8 ASM2.E7 ASM2.E6 ASM2.E5 ASM2.E4 ASM2.E3 ASM2.E2 ASM2.E1 ASM2.E0 
ASM2.E0 0 0 0 0 0 0 0 0 0 0 0 0 0 0 0 0 
ASM2.E1 0 0 0 0 0 0 0 0 0 0 0 0 0 0 1 1 
ASM2.E2 0 0 0 0 0 0 0 0 0 0 0 0 0 1 0 1 
ASM2.E3 0 0 0 0 0 0 0 0 0 0 0 0 1 0 0 1 
ASM2.E4 0 0 0 0 0 0 0 0 0 0 0 1 0 0 0 1 
ASM2.E5 0 0 0 0 0 0 0 0 0 0 1 0 0 0 0 1 
ASM2.E6 0 0 0 0 0 0 0 0 0 1 0 0 0 0 0 1 
ASM2.E7 0 0 0 0 0 0 0 0 1 0 0 0 0 0 0 1 
ASM2.E8 0 0 0 0 0 0 0 1 0 0 0 0 0 0 0 1 
ASM2.E9 0 0 0 0 0 0 1 0 0 0 0 0 0 0 0 1 
ASM2.E10 0 0 0 0 0 1 0 0 0 0 0 0 0 0 0 1 
ASM2.E11 0 0 0 0 1 0 0 0 0 0 0 0 0 0 0 1 
ASM2.E12 0 0 0 1 0 0 0 0 0 0 0 0 0 0 0 1 
ASM2.E13 0 0 1 0 0 0 0 0 0 0 0 0 0 0 0 1 
ASM2.E14 0 1 0 0 0 0 0 0 0 0 0 0 0 0 0 1 
ASM2.E15 1 0 0 0 0 0 0 0 0 0 0 0 0 0 0 1 

State Machine - |MAESTRO_FPGA|ASM1
Name ASM1.E15 ASM1.E14 ASM1.E13 ASM1.E12 ASM1.E11 ASM1.E10 ASM1.E9 ASM1.E8 ASM1.E7 ASM1.E6 ASM1.E5 ASM1.E4 ASM1.E3 ASM1.E2 ASM1.E1 ASM1.E0 
ASM1.E0 0 0 0 0 0 0 0 0 0 0 0 0 0 0 0 0 
ASM1.E1 0 0 0 0 0 0 0 0 0 0 0 0 0 0 1 1 
ASM1.E2 0 0 0 0 0 0 0 0 0 0 0 0 0 1 0 1 
ASM1.E3 0 0 0 0 0 0 0 0 0 0 0 0 1 0 0 1 
ASM1.E4 0 0 0 0 0 0 0 0 0 0 0 1 0 0 0 1 
ASM1.E5 0 0 0 0 0 0 0 0 0 0 1 0 0 0 0 1 
ASM1.E6 0 0 0 0 0 0 0 0 0 1 0 0 0 0 0 1 
ASM1.E7 0 0 0 0 0 0 0 0 1 0 0 0 0 0 0 1 
ASM1.E8 0 0 0 0 0 0 0 1 0 0 0 0 0 0 0 1 
ASM1.E9 0 0 0 0 0 0 1 0 0 0 0 0 0 0 0 1 
ASM1.E10 0 0 0 0 0 1 0 0 0 0 0 0 0 0 0 1 
ASM1.E11 0 0 0 0 1 0 0 0 0 0 0 0 0 0 0 1 
ASM1.E12 0 0 0 1 0 0 0 0 0 0 0 0 0 0 0 1 
ASM1.E13 0 0 1 0 0 0 0 0 0 0 0 0 0 0 0 1 
ASM1.E14 0 1 0 0 0 0 0 0 0 0 0 0 0 0 0 1 
ASM1.E15 1 0 0 0 0 0 0 0 0 0 0 0 0 0 0 1 
